Scores: [0.8466130355488303, 0.8465775910334219, 0.84805758220907, 0.8483180768411969, 0.848469166175765, 0.8480858322381866, 0.8479041711599831, 0.8473791079539855, 0.8489012986891017, 0.8468256975238947]
Average: 0.8477131559373436