Scores: [0.7908777958277355, 0.7930943895795646, 0.7934012028682982, 0.7923373520701653, 0.7907688605392744, 0.7925265397708722, 0.7908614159936719, 0.7922552422029489, 0.7922781198034956, 0.7918211555307115]
Average: 0.7920222074186738