Scores: [0.8764765576107364, 0.8768861692510952, 0.8775326385508657, 0.8775282925387664, 0.8780302569362353, 0.8777434201376817, 0.8777705827133023, 0.8774185557332591, 0.8785157917953721, 0.8772304573204851]
Average: 0.8775132722587798